The full DataFrame:
   area  bedrooms  age   price
0  1500         3   10  300000
1  1800         4   15  350000
2  2000         3    5  400000
3  2200         4    8  420000
4  2500         4   12  450000
5  2800         5    3  500000
6  3000         5    7  520000
7  3200         5    2  550000
8  3500         6    6  580000
9  4000         6    4  620000

Features (x):
   area  bedrooms  age
0  1500         3   10
1  1800         4   15
2  2000         3    5
3  2200         4    8
4  2500         4   12
5  2800         5    3
6  3000         5    7
7  3200         5    2
8  3500         6    6
9  4000         6    4

Target (y):
0    300000
1    350000
2    400000
3    420000
4    450000
5    500000
6    520000
7    550000
8    580000
9    620000
Name: price, dtype: int64

Model coefficients:
[  75.2  8500.3 -3200.5]

Model intercept:
125000.45

Prediction for a new data point:
[812500.75]